6546005436197532005
8057669400268706578
3578610166586866309
7606155526283985932
7293725710893242450
8070264527501304168
2807503641587193754
6459051692908991919
1641256323102863034
3020072655154987264
8265840016502932343
807509871781601709
7538335797876717472
4657554279425000796
2663289872517024205
2258397036213724281
5195878042915350760
8632854735020355266
1203920201779712890
2290957865319780425
545444668216061721
5970021832354238776
8531116383758697869
5455803437710884304
1319448119001510928
6635078777250635228
6984586321833506512
28131693469460561
