2040923887608155391
27177160394732111
3826678353723737325
1561347817814571735
9168195082251111490
1774530142589525825
1835237876513020424
5115524100998226559
8837239822582577943
4977429717162425607
2866537975906453044
4073541595326890624
979033792614592470
1266796524111702975
1720694576497927581
6714673398234407355
1818508732082107335
2742939091734607581
6392360066462225568
5325643016016987053
897663612149820031
3940933123579888866
4799277681523642908
4205020803130667338
3413812883420438536
4737970217453337064
4783474603877021981
4859265223921544658
7438125215205368079
4127992906402830059
4722055503831360016
