6955890947218454044
2927344712991114784
4136609265389384980
9118415910268739539
656811744541706231
8676263141943699537
8778152342885844549
9081350704095203748
2286226254146740049
5271770815089126507
1016827133927065338
5553922203256800819
5215766117718067559
1163585476652472343
1944667409952355386
4763055008220843752
9214461497831162034
1606324641176858885
3193851912106652346
6835287489290207254
6769456150022293139
5951202653056228941
5708406255188041701
8921465799622141088
4989732045413448387
7176893715086721707
922249178195873381
351281959592592953
4576621723011863512
5800455964174406793
7696271013934691999
2050801769004012123
5678331418625763426
1770340101891045401
5167165084847871380
2406756848538554294
1386109574433957925
2489600583964872006
7650515250123664515
6632029689170210142
6179522762228529028
4379093950768689928
570875028755801817
4079179110851476680
6427074632193963981
926265127569951285
4171601910077317924
7922482408438144545
6891419871795458555
3274089253909420682
1478004635246898358
8799784597082773248
8558024156996357098
4127240878602292257
4924998270496770766
537004332988925881
6093995778420685259
7966429612853194357
9217090047182159056
5856986925373317707
5059513869584625072
2892888517552686003
3210159159048866453
7257121576306129639
5175138661013822798
7871171197009853703
3306587473786452586
1962979663408354288
1192887856748784631
8421571387605590936
8086420378008026736
3999738903548565716
1462093903017465340
1742149174470764075
9021426634789883505
5854569122345295496
3399675958681387611
6009878942194701501
4656433645244168204
7297749726343981069
6912022963192437922
7799721555647000297
7104797667199821596
1329524729149835252
2005501843614613592
