3749607311499212314
4743390984503553720
6824784285870628590
3497918506591950082
1311928074839215432
8008104193966883896
2564045448711415229
1996284399357896788
2300927694542534384
1037339115928773121
2702134498024949594
7119296063226264110
6491719143693302414
5332771003404005708
6369007585413085070
3923421772696063632
3021468706383073196
375807035386053433
1313536344605642276
223593606373166801
4762423540157380804
2908811159364512715
3005450174370085122
1344358227624501483
5209372245573549587
1749719941116651371
2484934857749810198
3956166232518113826
4891296842943235636
815188155565759398
4940795176977995450
8584988279082570089
9042526745424621070
8878468619599949793
5849861850788364176
4577779019359063215
470723510839348217
4580418103900532389
2714164425276916149
6110708775886526127
895852795180432222
5867290708581272154
9044406200280241095
6599572006765484255
8018758288056185595
2926009242965541850
3985525013414398862
6643527449009232627
4934050321345964749
3617526413122731556
1564454676820798826
2498237765667091025
2325265450126187884
7202972202524641478
3003252273781493337
277366522736020043
4816769375287318785
