6476842268491280301
3514416276109040981
5508406009273829770
6414392058951935969
3066039626006594112
2131642862994484785
7179480365680495622
4932349765634321062
3162764007801870231
4092115432831504332
6203510413668848145
5220727439961418029
2028744768361372317
2470414732058391580
2433578052299759620
7453229782992678280
1156812953172538671
5945902531919648850
5628011714602072701
5821344114100702901
4348137444314883506
3680860283546698682
3611422923235936621
8672851559084028520
826021418930746961
6815988810429977908
4849306365340522591
7077003271400657717
8078697042133143190
4654647285693040811
