8003376909360031354
1278361782846180417
3826010614920990989
8756559081557159231
3319271811150138170
7278938235472566038
7817175105922168004
1193251839039539874
7688459354467330971
1346234917031137576
7490897109557548925
8962800260245270314
714510566376808455
7643804387791639594
6594641414142981790
5403234837215939578
4858063494588157841
6470125038151829924
6966674371003944240
6972501432220049645
6640455199736007107
4803719359139735649
3031620595107812752
2674960973760393298
3566285585094079391
6639248125165556002
4932270120449516611
1801370334565800893
5247361080815304625
123066324706976391
3613771349853328211
6810971967677687359
4492492925430006409
4608526587689379138
5458359123810396610
1544712670382140509
4786832681037816874
3585876384989200671
7934199468165661339
7305360099633771576
208903435055823563
6896518805346501915
7480457410137680263
5193294143697148711
