5195278049645308359
4165936057930409056
6949033400780631152
7180035735066571956
4097157371138572985
8670469103789335843
5511591174826508259
2790441036561119498
951359780409363721
5625061204344553443
7539716343603195619
743910717509699497
3590153114625327285
7469345343997381436
3653126247543789360
6979306682958212763
4520474659121839883
1089676735223347841
8111995957872098420
4609271720919755118
5291443427458676275
7497853328066061682
7487150706909696571
4285029550917382550
6120953930628204486
387499350796181710
5959151339618362063
2622181558360367749
6409810971480893600
6762392302174697209
5773752469028222041
8448909887982432636
6507409968222104168
6695319605762548070
6134183909730978407
1440034665392180879
796039609130455171
8164941249634408231
4591113402973252526
4477196052425551954
2632605272728393426
6818908604108489686
1916293107964718825
6069269452819942816
7856818975727068086
3181209745209904857
3453987268984623356
5175558519905932004
2756710920260710617
4208462903910955089
1941089821165842807
2503875934625238364
8130187741160170336
4288250131753262720
4423196380082860613
7884178372096203006
6982063177306808293
8327400496457020433
380823075937760967
6421477283821700260
12709227380878474
1133065875164235177
4095241492757589560
3468891466596751311
2866279582792714774
6596164989619285928
2315993388106699697
1801894937810540743
4207124054572239838
7702812734829190140
4471504107618271915
5048458260298341210
8956359102081218009
2594709632592295268
4404984560938983230
1082713986755759690
2577959589114397872
525988266701928340
2406166033594761698
4940777069074251182
4194308809316847264
768342317893682207
2641806698821110437
5494574653232893468
6993222286528876064
4472411720284353832
254201816419843018
5699702806597600130
5530461050425227938
3322398394826558679
5959387295740704966
7805664782670000753
5125023388615979127
2784754450110419799
5438354686506418247
