1660248544025359842
1056527308161922616
8030387218164563797
7807244786215862630
6417925047964546185
2051569837293429740
3450391703725424767
2874225785511168963
6431501792967440523
7959292428972585905
9015609761907622454
1963434710808866490
1799807781896529209
8412784468366991135
5905396210918777839
8408249056625321510
8432750700973290693
6133893007768334346
2896261617273810583
2507391783096844595
5185434128533082621
4333589522277889644
5829004520596823627
6264926744027520963
3271735825039666543
7510156646555166486
1498866759113729815
5608290299653743795
2054529776061246621
6947182890354637536
4498671816827802107
4725265875619087962
5755687972943314993
4106414059501288952
6257724328805600516
86674352400177531
8430839616227275585
180685188189680328
7182898325141627961
3096363610929918733
2611728218763873952
1638869171000869957
4725987876720631209
2818297341819194461
8118082981185449332
2262530359132038111
3171982595777332356
8038033529924815556
1647455993708081307
4804768705279894670
8018991065754959123
5535677057717497494
7152936114679999438
3434733190803800650
6245153844477496761
4099230083001880491
2669978504725080022
3048529621251704948
232567744435957840
970110739320733962
3117494418692448973
1187772089274778094
8712186469577947719
976084637006083604
533895834194544458
1978047743457562924
6951757911199123906
8267259640409242772
5352660634531815660
5975505687698889848
