6421060021496076455
8317243613093688369
7313862725320074411
3940022525940188391
8591524562929833092
3389904045208095374
1470919625713105086
3120149166171640668
8182230968895351748
7238118568686140156
7240907415244015176
3210480277306853574
6188815628055294077
12980964540030890
3754376562696953802
9092029720893739878
2618083921677233684
9163598884051304426
4017706875789378024
6799029519335695206
3704828978681647635
8574874874152562954
2205490447809379034
853301587332469027
2290230600830357406
3928277498322056827
4707594129036080149
2018909180257614017
5968218296634997260
2523937475869895323
4261876340089929903
148957411995197881
1783727333640473185
5495794881800287761
324930396682262966
1081110026639339890
4418091138455984411
3190182862516535681
