2065374684852168369
4550825062817576125
5460135178619221948
659330851123284052
1911770532897334675
223804913009454136
4892721714294737884
5694910179331505626
5514699251533152121
3018432579920990276
1566527126804090316
9149245184058328133
6846484696579976098
1196639987995858275
2342765410846330415
5875413543098857424
1753194835781807928
4133150407407103990
4858019673897206736
2098547524061291854
6089785480813822775
7685444559065853561
51725808456239312
309984860098237705
6866674103958747600
5479802503806004574
2249757944558925133
2171958396025186465
975480895788629722
6971827432985785514
1052374791269630175
476136495154075850
402865321159838811
4369525977347631771
8102063927416135845
3081385979089953581
8446956939336231356
3078777355417539944
2951889306174378275
837047637237429096
3839976547990760631
2209983199563092182
6715991353694360774
3924241028241624301
3395687593577249532
2126934835367258664
4186848483783838165
2695869816697729729
7394977113207639664
2970514239761947836
4508588193704542254
528651675906377628
2787734160182270863
1784854596421305940
7006303632480759165
7879362414236753584
2510188876283925061
6791194277424554802
8769554596587822464
7012477328376341015
