8033170131421170037
3837713131749437106
1086560750380328352
3884943398244584434
1897717223136037538
3343381506908381317
6817010334108272335
8713046167208415060
6879382568293191212
765565473104040000
2481956488192283466
6847117226614759766
4200743214535663677
6453240389423357360
8675036965137189212
7491645683755881233
3626477725262430737
7696889116032492853
2320751131850466152
2234638258337479290
4665107816253380942
2723692381632744582
2293638415085819441
4398476993152981801
3970765879103967119
7843680414594625862
2959939536335249110
8229435323805277807
5053617487559355879
4852824737164832397
8672105088164859466
5405863789782688890
3102756951362693931
