11364555874945917
4728442787651957173
6113823957268445515
5157771170675417053
1976569750953223361
2899753883548442009
3784509301660621283
2118639359245086510
3033083996818225286
3277635797960112898
8932572566425126734
949806116079690437
2689665872186438723
146271480796869407
7578943782298521117
7947413275675349619
2334226225564335175
8169580624418053014
5190212299270494070
2971428436834785986
3851260280390722673
2262729021653325943
7576717191225306966
307599884050675177
6565948917901746529
2229406866559582591
1571313487054200876
2391006979018344600
3093278629774234839
7835388756098559811
599642977576694668
2951671138790145895
4515976179417676481
7505180901409299013
9172752965774334223
6067088648228060455
6324300453188360783
7341708040548450470
