5493131264404998124
3979111281046678311
6104673414092060636
7577747452898886902
486649828538567838
4742016210547205836
7625020195349442208
3933261804243053594
2878851884838995299
8259811091166073046
7019319286967783604
8086373351044802317
3115898633120676800
7429948216180938403
5126683368834456807
4666734883489337709
8989059447207831552
561440600993271883
8764940221993259575
8620113792288907927
8818686816192319338
4662476855617545923
4065999735273578564
8721434990492881037
1909139045591904756
4505769584836597004
4741346972169788507
7445240306367264587
4993344360931180933
8351007237849708085
3895767570335608633
6040876136632442017
4768706575334597004
5529237157463855304
5941841609795055509
3592529087481258548
5273903329874641649
108487197119769238
6675023803400039431
5024873725343307545
5401006229555027518
8690690905103718554
8737781318288742183
2952124155040611547
3724511472466472120
5019930601610417397
1714518131496295962
931209582759315297
8413633662407796841
6746380827870766412
5600368444746425061
1605812306306368335
3745437359793665720
7262776143700618746
2500757082150621163
1012930084894494730
557873465894124795
4113335480316879220
6972741246917940447
1745986835251908756
6650317793047170076
