8573961301679877271
6396176651675526671
1071308400769657999
2113813994762368844
6923706574290414752
1286888291378899396
8849721760418261220
7873406233907058062
4733001579891116303
1191424816254909627
7077543993106982201
5595096947492114608
315658292109677592
8609021133106273116
6303976525884480059
5458614294474670225
4117209884955327922
9205009695724500956
4439516300528474089
7145211924563832634
1751722695924300103
5613699995549314020
7902408445069834839
3130776582634005342
2835156287257728501
8850780070475675655
2486377653827715942
2113254827757000722
647435847160361795
3407977462291919553
8754318338616339544
843085114474427894
8912989612642370256
6228661357301066551
4888805248685509649
3728199544114509463
8040614622501734535
191307975955291925
197256836185398935
6866050189302587967
8447036810763800327
5324584534953753407
4285010514895262691
6591640874241299757
6681632262808172332
8342574582559526927
5235478386412594684
8134405013913371769
1098201546236022495
166848942599038856
