4960840807167540705
1982122412422325637
8662622649467737571
6969811812286209706
561948265525787124
6821384134326530417
163881254482272950
2677607529800007069
8467174329255112777
75184634313147993
6570832908424019910
114706909742238069
2924120094300276068
1620088018685961502
7025167198847205788
8247965584281513867
7170962733470135748
4476111043143364213
6051133182140807170
4419744445065045003
3481960386140288995
6923466150979216969
49972998382016296
5899501425971133735
8570536060684875517
3196465669000383000
1648520801816908112
6584342677980336599
5812961885744936374
2517422815280558023
1924092908013935914
6663911403126473173
2772024375170773822
5200440121331321418
8525241079918199269
2968280469428067948
6756755722376337924
