5339731553835871797
8234316052206895340
5035995545764125819
1514639369235273882
5274888811026341756
29491303739915865
2139674051874180108
6306162789017129581
8549767398809399943
7556857206520430161
1915987167753867051
3356785485385886206
2971201333942322287
211775598143560301
5136329222542146625
7980471361899728868
5998708723981663939
514839503689630348
2692674680471417311
1225233845100280997
9167574586050524128
1344558303662077338
6134955556046093722
3906317819320335177
6465303482568304159
318940798459082627
4833677960296320061
1765208835092894112
5250351918586089031
3861169664222156335
7390177968776695368
