2077990366436717283
6454472815301975811
7564193207764724988
8915719956981264357
1374605064273697370
1369722766444314904
5230407984965595259
724075614698160742
1218445091304135383
6306503618297162335
5722327849018222759
8549050626766891057
9114926115809151045
1091423131736407315
5822995261300287827
398060875353164458
8860979399094569862
488725784026808482
3973274700751793129
2430345015006529237
6847454123007271508
1121264788819539577
6132530585140602635
4635358441903441697
4195204948721435869
1419144288523860918
7508603172023486212
5736175049593014943
1364917141812805601
7911085146515846077
