126690918634911096
1151905005407410080
7050839740611466236
2444216099879464614
6496430897037945699
3561638247371224225
3608178609867197880
4610606718505145104
7948024950361953647
2466106989320929641
3563375892963524888
1476151811459860321
3663387457078158598
940381731830354366
3648149433327451347
995532991033538785
4180229507137232432
189819375125108657
5201029101065159485
3350544546757388899
3544289436032076811
3696866191125919441
5069038034675017777
1364959071975254184
8585091086139943417
5142901261336767063
1326101704154541985
3759593102853070266
7447203641539376903
2612004986474524372
620726844437074484
