1967533452671867557
2536199830151499622
2216447537072667389
2512965492349563865
9097474118377357549
8871343636491254672
6624093255962603073
6326578293714983229
4479544113618145604
7969146251797274423
6405210969512710918
4004963208034187468
4791787796300848294
2133256279638074488
1309740738415157644
5778691356724477766
2815897948237685770
2028196130228731086
7119259243845037319
7219127830717680318
3530644975146207457
47218464567418959
5703246327748288998
5706183479419296948
6605590670407184750
7704085928937575011
4584196338905055102
