2627516426471285241
5703443863654453612
8176322186541442756
2949756966640744737
7359133577274230297
7258649042117283915
5196997634109366881
6538478169809695842
4898665678534867886
958829533662659470
4377187102445427336
5921342221103479116
926697471048922767
76346003312912329
9128861396759207815
5815650742270889740
3848122886487475968
8438860798637053900
2758434045543658286
5395505738186881328
6745582926748014982
963557454723396412
5636881252026640810
8346446832404874959
8533888943859541029
6161334219796004030
1420885561988159835
4717556416478658787
3752792295753555374
5371461336984370876
4034726660744349856
8435053816383817379
4735157572198984012
1270354983652889966
8174393550450036088
5969913617639255641
7780921771585658071
71229810114366950
1957317758954364346
5072256305240067273
7259773509787184118
1446651299245786654
1283170188391001737
8878091449906798056
7072750483867277701
6932367036334295250
5207185262713226275
1830301479596622027
7406568620679227659
3606441756931157839
3297453274728639754
