4128875344806285493
4195099230767303484
7048477707948079512
5921416206196208823
6605334824474889383
7016295195838798345
1078349906740356185
945356289928291359
433033649082605579
8894821250582539820
3089431459748113806
1010933874487410596
7874565747342845488
6206118965855047959
6497295270198312928
3907231411458457469
9175616355674196434
5904023201329314695
4277430808104828987
5507589730669187587
5239846906567788869
3310935821864153711
5745002233197635394
7330967228665316958
5435757999549266083
1715133336072895302
5828306696237751664
7034032057030105610
2383371704757621326
